   5.071360        0.0000000E+00
   5.076480        0.0000000E+00
   5.081600        0.0000000E+00
   5.086720        0.0000000E+00
   5.091840        0.0000000E+00
   5.096960        0.0000000E+00
   5.102080        0.0000000E+00
   5.107200        0.0000000E+00
   5.112320        0.0000000E+00
   5.117440        0.3125000    
   5.122560         99.68750    
   5.127680        0.0000000E+00
   5.132800        0.0000000E+00
   5.137920        0.0000000E+00
   5.143040        0.0000000E+00
   5.148160        0.0000000E+00
   5.153280        0.0000000E+00
   5.158400        0.0000000E+00
   5.163520        0.0000000E+00
   5.168640        0.0000000E+00
